4, 7, 8, 9, 10, 14, 20, 21, 28, 43, 48, 52, 61, 69, 71, 93, 95
33, 36, 39, 40, 62, 68, 73, 85
4, 25, 42, 51, 67, 86
11, 14, 16, 23, 27, 28, 36, 38, 47, 48, 68, 69, 70, 73, 74, 81, 98
8, 28, 36, 50, 57, 61, 66, 86, 87, 92, 98
6, 9, 11, 23, 26, 29, 36, 38, 47, 48, 51, 59, 61, 62, 63, 67, 69, 80, 87, 89, 90, 93
3, 10, 16, 17, 28, 35, 38, 57, 67, 85, 87, 89, 92, 97, 98
7, 9, 19, 24, 25, 34, 35, 36, 40, 47, 51, 53, 63, 66, 73, 85, 87, 89
17, 35, 38, 40, 47, 52, 63, 69, 74, 80, 93
27, 39, 43, 47, 48, 66, 69, 81, 86
17, 29, 31, 39, 67, 81, 86
7, 8, 11, 22, 48, 69, 94
3, 6, 7, 8, 9, 10, 14, 23, 29, 36, 38, 47, 48, 49, 55, 63, 68, 80, 83, 87
13, 29, 36, 39, 60, 67, 69, 73, 85, 87, 97
23, 25, 28, 47, 49, 71, 83, 85
3, 17, 29, 61, 62, 74, 87, 88, 93
0, 3, 6, 7, 19, 25, 26, 29, 38, 72, 80, 87, 89, 99
11, 38, 53, 63, 67, 69, 72, 73, 81
7, 12, 24, 38, 48, 63, 67, 72, 87, 94
8, 11, 29, 31, 66, 68, 78, 80, 97
5, 22, 39, 40, 42, 48, 63, 69, 70, 71, 72, 81, 85, 87, 93
34, 38, 43, 55, 63, 91
3, 8, 39, 47, 55, 57, 62, 67, 72, 75, 95
14, 19, 25, 39, 48, 73, 83, 95
6, 8, 28, 36, 38, 63, 67, 69, 74, 78, 80, 81, 90, 91
3, 8, 14, 17, 18, 23, 28, 48, 49, 73, 78, 85, 92, 95, 96
4, 9, 26, 28, 36, 39, 78, 94
10, 28, 38, 39, 42, 43, 90
36, 50, 54, 62, 63, 73, 96
11, 17, 43, 69, 85, 93
17, 29, 33, 38, 48, 63, 66, 74, 78, 86, 93, 99
5, 9, 11, 25, 33, 35, 36, 38, 63, 69, 71
9, 40, 47, 67, 68
11, 23, 35, 38, 43, 63, 69, 71, 97
0, 12, 20, 28, 50, 63, 67, 83, 96
11, 12, 35, 38, 39, 46, 48, 49, 63, 69, 70, 78, 83, 87, 88, 89, 93
39, 42, 47, 85, 87
12, 19, 28, 63, 66, 68, 87, 89
9, 17, 19, 38, 52, 61, 63, 67, 75, 81
17, 39, 40, 48, 55, 61, 67, 69, 93
3, 23, 24, 35, 36, 38, 47, 51, 67, 70, 71, 81, 85, 87
4, 7, 8, 9, 11, 22, 26, 29, 36, 38, 39, 40, 43, 49, 50, 62, 72, 80, 81, 86, 87
9, 23, 38, 63, 66, 67, 71, 73, 74, 78, 81, 83, 96
8, 20, 26, 48, 66, 74, 79, 95
9, 17, 34, 36, 38, 67, 69, 72
3, 8, 18, 23, 29, 48, 83, 97
25, 33, 48, 72, 81, 94, 95
0, 3, 5, 10, 19, 23, 28, 35, 43, 61, 63, 67, 69, 73, 75, 78, 84, 85, 86, 97
3, 8, 21, 22, 29, 38, 61, 63, 72, 85, 87, 97
3, 9, 17, 22, 23, 24, 26, 33, 38, 41, 43, 47, 48, 66, 67, 68, 69, 72, 78, 81, 91, 93
11, 14, 17, 28, 38, 40, 43, 81, 85, 87, 98
8, 11, 36, 38, 40, 42, 48, 71, 76, 85, 86, 87, 89, 94, 96
3, 8, 9, 10, 11, 30, 36, 38, 39, 40, 47, 48, 49, 53, 67, 86, 89, 93, 94, 95
11, 12, 14, 28, 38, 40, 43, 49, 55, 57, 63, 78, 83, 85
0, 9, 11, 12, 28, 29, 36, 38, 47, 66, 80, 85
12, 16, 17, 26, 36, 39, 42, 52, 60, 72, 79, 80, 93
8, 10, 26, 31, 40, 61, 62, 69, 87, 93
36, 38, 39, 43, 83, 85, 93
17, 28, 36, 47, 61, 69, 71, 72, 80, 83, 86
7, 11, 33, 35, 67, 71, 75, 81, 86, 87
11, 17, 25, 38, 43, 48, 61, 62, 72, 73, 80, 83, 85, 87, 89, 90
11, 14, 19, 28, 31, 35, 40, 43, 61, 62, 63, 69, 73, 78, 87, 94
22, 23, 36, 48, 49, 72, 83, 88, 89, 90, 99
0, 7, 10, 14, 17, 23, 63, 69, 71, 86, 87, 92
9, 14, 17, 28, 52, 71, 87, 94, 97
3, 23, 28, 36, 51, 60, 72, 78, 83
8, 25, 26, 40, 42, 43, 80, 82, 87
5, 11, 17, 20, 21, 28, 33, 35, 39, 44, 45, 57, 66, 69, 81, 83, 86, 87, 93
12, 17, 36, 38, 48, 66, 69, 83
33, 42, 63, 86, 87, 93
3, 4, 21, 23, 38, 40, 43, 45, 47, 48, 49, 51, 69, 70, 74, 80, 91, 94
18, 33, 38, 43, 63, 83, 85, 86, 87, 93
3, 7, 35, 51, 62, 66, 76, 81, 85, 86, 97
29, 42, 45, 48, 67, 83, 94
3, 8, 17, 28, 34, 35, 36, 38, 43, 47, 48, 63, 67, 70, 72, 73, 89, 90
3, 14, 15, 17, 23, 28, 38, 41, 46, 55, 69
7, 17, 26, 28, 42, 47, 53, 63, 66, 78, 83, 85, 91
5, 7, 9, 11, 17, 19, 35, 36, 42, 47, 50, 62, 63, 70, 80, 87, 92, 93
8, 22, 38, 63, 83, 84, 86, 87, 97
3, 7, 11, 43, 45, 47, 50, 66, 69, 70, 78, 83, 85, 87, 94
4, 28, 40, 43, 45, 46, 51, 62, 67, 68, 69, 78, 80, 85, 87, 99
36, 47, 51, 60, 61, 63, 85, 86
25, 26, 33, 63, 77, 95
11, 13, 21, 24, 36, 51, 69, 73
35, 36, 38, 73, 80, 86
6, 7, 8, 17, 19, 35, 53, 61, 63, 69, 70, 81, 92
3, 28, 36, 44, 53, 57, 61, 89
12, 17, 26, 36, 39, 44, 49, 59, 87, 93, 95
39, 40, 55, 61, 67, 68, 85, 93
5, 6, 11, 28, 33, 36, 47, 57, 61, 63, 69, 87, 94, 95, 97
28, 43, 45, 63, 86, 87, 93
6, 9, 17, 23, 28, 29, 36, 38, 51, 59, 62, 69, 85, 95
5, 16, 17, 20, 25, 28, 35, 38, 49, 57, 63, 87, 89, 93
11, 13, 26, 29, 31, 32, 33, 43, 48, 62, 73, 85
5, 9, 11, 23, 33, 36, 38, 43, 48, 49, 61, 69, 87, 90, 93, 98
5, 7, 44, 46, 48, 63, 89
10, 38, 40, 46, 63, 71
4, 5, 27, 35, 36, 51, 63, 69, 76, 87, 93
9, 14, 34, 38, 52, 63, 67, 69, 81, 85, 86, 89
5, 10, 11, 28, 29, 33, 34, 38, 39, 53, 57, 73, 83
11, 23, 40, 47, 52, 63, 72, 85, 91
13, 29, 36, 39, 60, 67, 69, 73, 85, 87, 97
0, 3, 4, 28, 29, 35, 36, 38, 42, 46, 48, 54, 67, 69, 75, 78, 81, 83, 85, 89
8, 9, 34, 38, 39, 51, 59, 61, 66, 67, 71, 72
5, 28, 35, 48, 74, 85, 87, 88
9, 45, 48, 49, 69
3, 8, 11, 18, 28, 36, 40, 61, 63, 67, 71, 73, 74, 78, 83, 85, 87, 89, 90, 93, 95
1, 7, 10, 31, 47, 63, 65, 69, 87
3, 7, 17, 26, 29, 30, 35, 36, 38, 39, 61, 63, 66, 71, 73, 98
6, 9, 28, 36, 38, 78, 87
3, 12, 35, 36, 38, 48, 55, 59, 60, 69, 72, 87
10, 19, 21, 33, 36, 38, 39, 41, 49, 50, 54, 62, 63, 67, 69, 74, 90, 93, 95
17, 19, 21, 33, 40, 49, 61, 81, 83, 85, 94
0, 18, 21, 26, 29, 36, 51, 54, 55, 62, 63, 69, 71, 74, 85, 86, 87
11, 12, 14, 21, 33, 36, 39, 43, 63, 67, 69, 72, 85, 87
5, 9, 11, 14, 17, 40, 62, 66, 67, 69, 87, 90
8, 40, 48, 52, 61, 62, 67, 69, 70, 85, 95
15, 27, 31, 39, 66, 69
3, 12, 25, 26, 39, 47, 48, 62, 63, 67, 93
0, 3, 29, 31, 40, 52, 61, 63, 66, 73
5, 14, 21, 26, 27, 28, 39, 48, 55, 70, 86
12, 38, 69, 86, 89, 90, 95
10, 12, 44, 48, 57, 63, 69, 71, 74, 78, 80, 83, 90
5, 9, 14, 18, 21, 29, 33, 35, 39, 43, 48, 63, 72, 78, 83, 95
3, 8, 11, 16, 17, 25, 31, 35, 36, 38, 47, 51, 61, 62, 63, 80, 81, 85, 87, 95
5, 9, 35, 36, 40, 43, 48, 62, 92
10, 28, 31, 35, 43, 50, 63, 69, 72, 83, 87
4, 23, 39, 61, 63, 67, 78
10, 29, 38, 40, 46, 47, 48, 63, 69, 71, 74, 76, 81, 87, 92, 95, 98
7, 14, 21, 28, 35, 36, 38, 51, 91, 94
3, 8, 17, 21, 22, 24, 28, 34, 36, 38, 45, 48, 55, 63, 64, 66, 67, 70, 71, 72, 86, 87, 98
34, 38, 40, 47, 49, 50, 51, 55, 63, 73, 80, 81, 87, 94, 97
4, 17, 25, 34, 36, 43, 45, 50, 61, 89, 95, 97
9, 17, 21, 38, 40, 43, 46, 61, 73, 93, 96, 97
0, 4, 12, 26, 35, 38, 51, 61, 63, 67, 73, 85
38, 51, 66
3, 10, 12, 17, 21, 36, 42, 49, 67, 71, 74, 80, 83, 86, 95
28, 29, 38, 48, 55, 80, 86
11, 25, 29, 34, 35, 38, 43, 52, 69, 80, 83, 86, 87, 93, 97
7, 12, 21, 24, 38, 40, 43, 47, 48, 69, 72, 81, 87
1, 4, 11, 14, 38, 61, 69, 71, 73, 85, 86, 87, 93, 95
9, 17, 38, 52, 61, 69, 85, 88, 95
8, 17, 28, 36, 43, 60, 73, 80
0, 9, 11, 61, 62, 63, 66, 67
11, 14, 26, 36, 38, 45, 52, 57, 60, 87, 89, 92, 96
5, 14, 21, 26, 27, 28, 39, 48, 49, 52, 53, 55, 70, 72, 86, 87, 95
11, 29, 39, 40, 51, 61, 85, 87
7, 17, 26, 33, 50, 51, 55, 61, 62, 67, 68, 76, 80, 83, 90, 93, 96
28, 39, 63, 70, 80, 86
12, 29, 33, 34, 39, 40, 42, 43, 46, 49, 85
3, 7, 11, 27, 28, 29, 43, 50, 63, 69, 81, 85, 87
0, 8, 11, 14, 26, 28, 35, 36, 46, 49, 50, 52, 61, 63, 69, 74, 77, 86, 87, 89
14, 17, 31, 38, 60, 71, 87, 95
5, 9, 11, 25, 26, 28, 36, 48, 50, 60, 61, 63, 69, 72, 80, 81, 83, 84, 89
15, 16, 19, 36, 59, 61, 63, 68, 71, 72, 78, 81, 85, 87, 90
14, 19, 26, 36, 39, 42, 49, 69, 80, 83, 87
3, 29, 59, 63, 69, 74, 76, 89, 93, 95, 98, 99
17, 35, 67
7, 8, 13, 26, 28, 29, 31, 35, 36, 38, 47, 51, 61, 62, 67, 78, 80, 83, 95
3, 8, 11, 14, 16, 24, 28, 38, 48, 53, 61, 66, 69, 76, 78, 89
11, 14, 18, 23, 28, 33, 36, 38, 49, 53, 85, 86
14, 28, 36, 38, 47, 48, 55, 62, 63, 69, 72, 86, 87, 93
25, 26, 35, 36, 38, 45, 70, 71, 74, 91
5, 8, 17, 27, 29, 43, 47, 48, 62, 63, 78, 87
41, 42, 48, 52, 59, 83, 85, 93
6, 31, 33, 35, 38, 45, 48, 77, 86, 87
9, 14, 36, 46, 94
4, 12, 14, 17, 35, 40, 43, 51, 52, 55, 63, 78, 85
29, 38, 66, 69, 70, 87
3, 23, 33, 35, 36, 47
8, 17, 25, 27, 35, 36, 42, 49, 74, 81, 87
3, 5, 8, 17, 25, 26, 29, 52, 69, 86, 87, 92, 97
8, 11, 15, 20, 28, 35, 36, 50, 63, 67, 69, 70, 78, 81, 83, 92
11, 17, 31, 33, 59, 61, 62, 86, 92, 93
3, 8, 28, 33, 38, 85, 87, 93
3, 18, 29, 35, 36, 43, 63, 68
0, 16, 18, 19, 28, 36, 38, 42, 43, 66, 80, 87, 89
10, 20, 21, 23, 31, 36, 38, 48, 51, 68, 69, 70, 78, 86, 89
13, 28, 43, 69, 71, 80
7, 10, 11, 12, 15, 19, 20, 23, 24, 36, 38, 39, 47, 48, 50, 51, 62, 67, 69, 70, 73, 87
3, 11, 14, 15, 25, 32, 36, 47, 57, 80, 87, 97
3, 28, 39, 45, 47, 61, 69, 71
17, 39, 80, 83
21, 29, 33, 36, 40, 42, 48, 63, 67, 69, 73, 74, 81, 83, 87, 93, 97
4, 6, 7, 8, 21, 24, 26, 36, 38, 39, 40, 48, 63, 68, 83, 85, 87, 90
18, 35, 38, 39, 42, 48, 73, 86, 95
0, 3, 14, 33, 38, 62, 67, 73, 83, 94
0, 6, 8, 14, 22, 24, 28, 34, 38, 39, 47, 68, 72, 78, 80, 83
9, 27, 31, 36, 40, 47, 61, 70, 77, 78, 86
0, 3, 5, 13, 47, 60, 71, 72, 85
0, 4, 7, 17, 22, 23
0, 8, 29, 38, 43, 49, 63, 66, 80, 81
3, 8, 9, 40, 42, 52, 53, 63, 72, 76, 78, 79, 84, 85, 93, 96
18, 28, 62, 63, 69
0, 7, 8, 9, 38, 40, 46, 61, 69, 70, 73, 74, 86, 87, 93
17, 28, 51, 61, 68, 74, 83
5, 8, 11, 18, 26, 36, 38, 45, 54, 73, 87
14, 21, 34, 35, 39, 74, 81, 90
11, 17, 18, 26, 35, 38, 41, 44, 50, 63, 65, 85, 95
8, 23, 28, 36, 38, 63, 67, 80, 90
21, 28, 67, 71, 80, 81, 86, 92, 97
9, 36, 39, 42, 48, 63, 69, 86, 89
8, 14, 17, 24, 28, 34, 36, 38, 45, 48, 51, 55, 62, 66, 67, 70, 71, 72, 86, 87, 98
17, 38, 46, 62, 78, 87
8, 11, 12, 14, 21, 29, 38, 40, 67, 69, 72, 74, 76, 85, 87, 95, 97, 99
11, 27, 39, 52, 53, 61, 69, 87, 89, 90
5, 7, 8, 14, 21, 28, 36, 38, 43, 51, 72, 91
13, 14, 16, 26, 28, 38, 48, 61, 68, 69, 81, 87, 96
20, 31, 34, 48, 51, 69, 71, 78, 83, 86, 87
25, 29, 36, 38, 47, 62, 69, 95
9, 11, 12, 23, 28, 35, 43, 48, 50, 69, 72, 73, 80, 85, 87, 98
10, 28, 36, 39, 63, 70, 71, 72, 77, 85, 89
18, 24, 36, 67, 71, 83, 87, 93
3, 21, 25, 34, 38, 42, 43, 61, 69, 70, 73, 74, 83, 85
1, 3, 19, 28, 40, 43, 63, 68, 69, 73, 86, 90
0, 5, 14, 16, 28, 29, 36, 67, 77, 83, 87, 89
9, 17, 38, 40, 47, 48, 62, 69
7, 8, 12, 17, 21, 25, 31, 35, 36, 45, 48, 61, 66, 69, 71, 78
9, 52, 61, 63, 66, 69, 71, 87
6, 11, 18, 36, 38, 46, 47, 61, 63, 69, 74, 78, 87, 89
11, 38, 63, 69, 80, 83, 85
3, 7, 10, 11, 25, 31, 36, 38, 47, 48, 53, 68, 78, 81, 83, 85, 92, 93
21, 33, 52, 60, 78, 89, 94, 97
0, 7, 8, 11, 38, 61, 70, 73, 86, 87, 91
8, 48, 49, 76, 80, 87
17, 26, 27, 29, 36, 48, 56, 67, 69, 76, 87, 89, 93
48, 52, 57, 61, 85, 87, 89
6, 8, 9, 17, 28, 35, 36, 38, 40, 43, 46, 47, 51, 55, 62, 66, 67, 69, 70, 78, 81, 83
9, 11, 36, 43, 50, 51, 57, 62, 74, 83, 85, 86, 87, 88, 89
0, 3, 9, 10, 17, 28, 35, 36, 38, 46, 47, 48, 51, 67, 75, 83, 87
4, 11, 16, 17, 35, 38, 39, 47, 61, 62, 73, 74, 80, 81, 87
3, 4, 18, 25, 28, 36, 43, 49, 51, 69, 74, 93
36, 62, 66, 70, 72, 81, 83
21, 34, 63, 67, 69, 87
10, 34, 38, 59, 63, 66, 70, 83, 85, 86, 87, 90
3, 8, 10, 26, 29, 40, 42, 60, 63, 66, 68, 71, 72, 78, 81, 97
3, 17, 20, 23, 38, 41, 61, 63, 66, 68, 73, 80, 83, 85, 87, 89
13, 19, 28, 34, 38, 42, 51, 61, 63, 73, 81, 85, 86, 97
10, 14, 17, 24, 29, 33, 40, 63, 73, 78, 86, 89, 94, 95, 97
7, 8, 14, 31, 33, 36, 38, 39, 43, 50, 51, 60, 62, 85, 87
11, 14, 20, 23, 27, 29, 35, 49, 53, 62, 63
21, 35, 62, 63, 69, 83, 87
7, 8, 11, 23, 31, 33, 35, 38, 48, 51, 52, 61, 62, 67, 71, 73, 86, 90, 91
12, 28, 35, 42, 43, 47, 51, 66, 71, 85
3, 8, 23, 48, 49, 63, 66, 69, 86, 87, 89, 94, 95
0, 1, 4, 21, 31, 38, 63, 69, 93
16, 32, 36, 39, 40, 62, 63, 69, 85, 93, 97
3, 8, 11, 21, 25, 26, 31, 35, 43, 45, 49, 61, 66, 69, 89, 91, 98
10, 14, 23, 36, 38, 49, 53, 74, 81, 85, 87, 89, 93, 95, 99
8, 28, 51, 60, 61, 76, 85, 93, 98
8, 11, 12, 23, 24, 25, 26, 36, 43, 45, 55, 61, 62, 63
7, 13, 29, 33, 40, 43, 61, 67, 80, 85, 98
35, 43, 63, 66, 69, 70, 80, 85, 86
36, 38, 39, 48, 61, 69, 83, 87, 92
3, 8, 12, 50, 52, 74, 83, 85, 93
26, 33, 38, 50, 76, 87, 93
25, 38, 40, 63, 76, 80, 83, 87, 97
5, 8, 9, 14, 17, 29, 36, 38, 40, 48, 52, 60, 70, 85, 86
9, 14, 62, 71, 76, 79
4, 8, 36, 47, 54, 61, 63, 87
4, 5, 22, 31, 35, 38, 39, 50, 63, 67, 74, 76, 84, 85, 87
11, 36, 38, 40, 43, 61, 63
8, 10, 11, 28, 31, 34, 38, 43, 65, 69, 71, 80, 87, 93
6, 9, 11, 17, 31, 35, 36, 38, 39, 68, 69, 73, 81, 87, 99
3, 10, 29, 34, 38, 39, 40, 47, 63, 80, 85
13, 17, 33, 48, 52, 63, 74, 87
3, 11, 26, 31, 36, 50, 51, 63, 78, 85, 87, 95, 97
28, 39, 63, 70, 80, 86
5, 6, 8, 13, 14, 16, 17, 26, 39, 43, 48, 55, 61, 68, 69, 74, 85, 86, 87, 89, 99
3, 11, 14, 16, 28, 31, 38, 49, 69, 73, 81, 87, 92
9, 35, 42, 43, 48, 63, 69, 85, 86, 87, 88, 93
0, 3, 36, 38, 40, 43, 57, 61, 62
6, 21, 22, 40, 50, 61, 69, 70, 73, 75, 81, 83, 99
8, 17, 24, 34, 57, 59, 62, 67, 69, 78
6, 7, 29, 36, 48, 57, 71, 73, 87, 89
8, 26, 38, 62, 63, 73, 97
3, 8, 9, 13, 28, 29, 38, 42, 49, 63, 67, 89, 93, 95
7, 9, 14, 22, 29, 34, 36, 38, 39, 57, 60, 63, 72, 73, 78, 80, 87, 92, 95
3, 17, 18, 36, 49, 50, 51, 55, 63, 67, 72, 87, 95
8, 12, 14, 22, 36, 38, 42, 51, 67, 68, 71, 72, 81
3, 15, 28, 34, 36, 63, 81, 87
7, 13, 20, 21, 23, 28, 38, 40, 60, 61, 66, 69, 71, 83, 84, 85, 86, 87, 93
7, 28, 33, 36, 39, 45, 47, 67, 68, 87
4, 8, 9, 18, 21, 31, 36, 45, 50, 54, 61, 62, 68, 69, 70, 77, 85
7, 21, 28, 38, 42, 47, 80, 90
0, 5, 9, 27, 28, 34, 38, 47, 48, 49, 53, 60, 61, 62, 63, 76, 80, 86
8, 35, 38, 45, 63, 85
8, 9, 23, 57, 60, 83, 86, 98
17, 18, 28, 36, 39, 57, 63, 66, 67, 72, 87
5, 8, 21, 29, 43, 46, 55, 63, 66, 69, 71, 72, 87, 93
7, 17, 23, 35, 38, 62, 83, 93
7, 11, 16, 19, 29, 30, 34, 38, 61, 69, 71, 72, 73, 78, 80, 86
0, 7, 11, 17, 18, 28, 32, 39, 48, 52, 63, 66, 67, 68, 80, 85
0, 8, 14, 18, 28, 40, 43, 63
43, 63, 66, 67, 69, 71, 78, 80, 87
3, 21, 22, 36, 38, 63, 64, 67, 87
3, 5, 8, 17, 18, 23, 25, 38, 48, 51, 63, 73, 78, 83, 85, 87, 89, 93
8, 9, 11, 17, 42, 48, 50, 61, 63, 69, 81, 85, 87, 89, 91, 93
4, 5, 18, 22, 35, 36, 38, 49, 63, 66, 78, 86
3, 4, 9, 14, 21, 31, 35, 36, 38, 47, 62, 76, 78, 83, 89, 94
3, 8, 11, 23, 28, 36, 38, 40, 49, 63, 86, 87
40, 49, 74, 76, 87
0, 23, 27, 28, 35, 36, 42, 43, 69, 87
0, 10, 21, 29, 33, 36, 38, 61, 69, 75, 93
6, 11, 25, 27, 29, 33, 36, 40, 49, 60, 63, 73, 75, 86, 89, 92
3, 14, 18, 36, 40, 42, 47, 63, 65, 67, 90, 95
3, 9, 11, 36, 38, 43, 50, 66, 69, 71, 81, 93
1, 11, 12, 21, 28, 31, 36, 38, 40, 46, 48, 53, 61, 62, 71, 81, 87, 96
3, 8, 14, 17, 23, 38, 57, 67, 81, 82
42, 47, 63, 67, 70, 91
8, 23, 29, 38, 39, 48, 57, 62, 67, 68, 78, 87
3, 4, 11, 23, 26, 28, 36, 39, 60, 61, 62, 63, 66, 67, 72, 87, 97
8, 11, 14, 28, 35, 36, 38, 48, 52, 63, 67, 69, 71, 72, 85, 89, 96
9, 17, 25, 28, 29, 35, 39, 43, 66, 71, 85, 93
3, 8, 15, 23, 26, 36, 38, 78, 89
12, 18, 22, 36, 52, 71, 80, 93
6, 7, 11, 14, 17, 36, 38, 45, 51, 62, 87, 92
8, 33, 36, 38, 61, 63, 73, 81, 83
11, 28, 44, 47, 62, 72, 81
11, 23, 28, 29, 40, 48, 50, 60, 63, 67, 87, 89
13, 35, 62, 69
8, 9, 38, 39, 42, 43, 61, 63, 76, 79, 85, 86, 87
4, 22, 31, 35, 38, 50, 63, 67, 76, 87
3, 12, 35, 36, 38, 51, 52, 59, 71, 72, 78, 87
7, 9, 28, 40, 69, 71, 87, 89
7, 10, 18, 38, 39, 40, 49, 55, 68, 69, 71, 83, 87, 93
3, 11, 14, 15, 48, 69, 81, 83, 88
3, 9, 12, 17, 21, 25, 36, 40, 43, 48, 51, 57, 63, 68, 72
8, 23, 29, 40, 48, 61, 83
3, 12, 18, 22, 36, 43, 47, 52, 62, 68, 69, 73, 81, 83
3, 4, 9, 14, 28, 29, 33, 34, 36, 41, 47, 63, 67, 68, 69, 71, 89, 90, 93
3, 5, 7, 9, 10, 25, 31, 38, 43, 45, 47, 48, 49, 53, 61, 69, 75, 89, 91, 95
6, 9, 17, 21, 28, 39, 40, 43, 48, 53, 55, 60, 61, 67, 69, 71, 74, 76, 93, 96
10, 28, 36, 39, 63, 70, 71, 72, 77, 85, 89
0, 17, 27, 32, 36, 43, 48, 49, 60, 63, 69, 73, 83, 93, 99
6, 9, 11, 28, 48, 49, 51, 70, 85, 93
5, 18, 22, 34, 50, 65, 70, 78, 83, 86, 87, 93
35, 43, 47, 62, 63, 67, 69, 72, 74, 83, 99
9, 25, 35, 40, 43, 63, 69, 72, 73, 77, 87, 93
0, 4, 17, 28, 35, 47, 48, 49, 69
21, 23, 35, 36, 62, 69, 78
14, 19, 23, 28, 35, 71
8, 11, 17, 26, 29, 34, 38, 46, 48, 63, 87, 94
0, 17, 28, 36, 38, 47, 51, 69, 80, 87
3, 7, 11, 28, 36, 40, 44, 45, 48, 51, 59, 61, 63, 71, 78, 86, 87, 93
28, 29, 61, 80, 83, 85, 87, 93
6, 8, 11, 25, 31, 43, 46, 47, 48, 63, 81, 85, 95
5, 8, 13, 14, 20, 21, 23, 36, 52, 63, 67, 68, 77, 83, 85
0, 33, 35, 36, 39, 40, 48, 51, 62, 68, 69, 83, 85
15, 48, 63, 71, 72, 74, 81, 85, 87, 93
3, 9, 11, 12, 17, 18, 25, 33, 35, 38, 40, 48, 51, 52, 53, 59, 69, 71, 77, 85, 86, 87, 97
4, 8, 19, 26, 31, 38, 40, 59, 61, 71, 89, 95
8, 11, 17, 28, 31, 36, 40, 47, 49, 52, 94, 95
18, 28, 36, 61, 71, 85, 89, 90, 93, 95
3, 11, 14, 16, 40, 57, 61, 62, 85, 87, 91
0, 3, 14, 19, 38, 49, 63, 81, 87, 97
0, 5, 8, 11, 14, 15, 17, 18, 21, 23, 28, 36, 38, 43, 52, 54, 62, 66, 69, 72, 75, 78, 83, 85, 87, 89, 94, 95
0, 5, 7, 8, 28, 34, 43, 45, 49, 51, 63, 73, 86, 87, 93
3, 28, 59, 73, 80, 85, 89
4, 36, 39, 62, 66, 81, 93, 98
3, 12, 28, 36, 38, 48, 59, 67, 73, 81, 92, 93
8, 35, 36, 38, 40, 47, 48, 63, 67, 68, 90
4, 38, 42, 47, 63, 80, 86, 93
6, 8, 11, 40, 43, 48, 52, 61, 63, 69, 74, 85, 87, 89
11, 13, 36, 38, 43, 47, 48, 62, 87
10, 14, 34, 63, 70, 77, 79, 89, 90
7, 42, 70, 86
3, 17, 20, 23, 38, 41, 61, 63, 66, 68, 73, 80, 83, 85, 87, 89
7, 11, 12, 14, 17, 28, 35, 38, 43, 47, 51, 53, 61, 63, 66, 67, 73, 74, 84, 87
5, 12, 17, 23, 29, 31, 33, 35, 39, 43, 48, 50, 59, 61, 63, 66, 69, 72, 81, 93, 94, 97
17, 33, 43, 47, 49
1, 7, 47, 51, 63, 69, 80, 85, 86
12, 17, 38, 48, 61, 63, 67, 74, 93, 99
9, 17, 23, 29, 35, 38, 41, 42, 48, 52, 60, 63, 66, 68, 69, 85, 87
7, 11, 17, 19, 21, 38, 40, 45, 57, 61, 72, 78, 87
11, 14, 21, 22, 35, 45, 49, 60, 71, 78, 83, 87, 90
5, 11, 36, 68, 70, 90, 92
8, 9, 10, 36, 41, 43, 47, 50, 60, 63, 67, 70, 76, 87
8, 11, 28, 47, 61, 89
7, 25, 40, 62, 68, 87, 90, 91, 93
0, 3, 9, 10, 11, 12, 25, 28, 36, 38, 51, 63, 68, 69, 81
9, 11, 36, 38, 48, 63, 78, 83
0, 7, 11, 17, 28, 32, 39, 48, 52, 63, 66, 69, 77, 85
3, 7, 10, 28, 33, 38, 55, 69, 71, 72, 80, 81, 90, 91
3, 33, 36, 40, 60, 63, 67, 70, 85, 86, 87, 95
5, 8, 12, 14, 15, 17, 18, 22, 29, 31, 32, 35, 38, 42, 48, 59, 61, 66, 69, 70, 71, 74, 85, 86, 89, 90, 93
11, 18, 55, 71, 83
9, 21, 39, 43, 49, 59, 76, 96
8, 11, 17, 31, 33, 34, 38, 42, 43, 53, 61, 63, 68, 71, 73, 85, 86, 87, 94, 95
6, 11, 23, 29, 33, 38, 39, 42, 44, 63, 67, 70, 72, 75, 83, 93
6, 28, 35, 38, 39, 69, 71, 87, 93
5, 7, 11, 26, 29, 35, 36, 38, 40, 42, 43, 48, 61, 66, 69, 76, 83, 88, 97
3, 11, 25, 36, 38, 51, 60, 62, 68, 71, 76, 87
11, 14, 17, 29, 35, 48, 55, 60, 63, 69, 89
8, 12, 13, 14, 35, 39, 40, 49, 60, 61, 72, 80, 89, 94, 97
41, 44, 48, 55, 67
4, 19, 21, 24, 28, 33, 38, 48, 62, 68, 93
6, 11, 14, 25, 28, 36, 38, 67, 68, 69, 77
8, 14, 17, 21, 31, 38, 59, 66, 67, 68, 81, 93
11, 12, 18, 40, 47, 53, 69, 74, 80, 81, 87, 89
9, 27, 38, 40, 48, 50, 59, 69, 77, 94, 95
29, 33, 36, 39, 40, 69, 70, 86, 89, 97, 99
36, 40, 41, 59, 63
17, 23, 31, 34, 38, 49, 65, 70, 74, 87, 92
11, 12, 29, 44, 60, 72, 78
8, 12, 14, 38, 49, 50, 51, 52, 61, 62, 63, 69
10, 11, 17, 43, 48, 53, 67, 73, 74, 83
14, 26, 28, 35, 40, 41, 47, 57, 72
29, 39, 42, 43, 62, 69, 71, 73, 76, 83
4, 14, 23, 38, 39, 47, 48, 51, 72, 78, 85, 89, 93
11, 14, 29, 31, 61, 63, 70, 71, 74, 81, 85
3, 8, 14, 16, 53, 61, 66, 76
23, 26, 40, 44, 67, 85
3, 26, 63, 66, 83
11, 12, 14, 23, 27, 38, 48, 68, 98
6, 9, 11, 14, 44, 48, 60, 73, 80, 85, 87
3, 8, 9, 16, 17, 33, 36, 38, 47, 48, 51, 55, 61, 63, 83, 95, 96
0, 10, 21, 29, 33, 36, 38, 61, 69, 75, 93
34, 36, 38, 48, 61, 67, 68, 80, 81, 83, 86, 87, 98
3, 9, 11, 27, 29, 33, 35, 38, 45, 52, 71, 85
8, 40, 48, 52, 61, 62, 67, 69, 70, 85, 95
3, 10, 15, 17, 18, 29, 36, 38, 39, 42, 45, 50, 52, 57, 63, 67, 69, 81, 85, 87, 92, 93, 98
1, 28, 36, 38, 61, 63, 69, 73, 78, 80, 87
4, 11, 12, 14, 21, 23, 27, 29, 34, 35, 36, 39, 42, 44, 52, 57, 61, 63, 67, 69, 70, 74, 81, 87, 90
8, 13, 16, 19, 23, 28, 31, 34, 36, 48, 55, 63, 67, 69, 72, 76, 78, 85, 87, 89, 90, 94, 96, 97
12, 16, 18, 21, 25, 42, 49, 78, 87, 91
8, 18, 29, 43, 78, 81, 86, 95
4, 31, 38, 63, 71, 78, 98
14, 18, 29, 38, 54, 62, 71, 87, 95
9, 42, 50, 71, 77, 87
14, 29, 38, 47, 52, 59, 63, 69, 83
7, 11, 16, 19, 29, 30, 34, 38, 61, 69, 71, 72, 73, 78, 80, 86
0, 9, 14, 36, 42, 46, 48, 52, 61, 63, 67, 72, 80, 86, 87, 97
0, 5, 6, 10, 22, 31, 38, 48, 55, 69, 81, 83, 98
3, 8, 11, 12, 14, 21, 25, 26, 28, 38, 39, 43, 51, 52, 55, 62, 63, 69, 71
3, 38, 52, 61, 70
10, 15, 17, 19, 26, 35, 36, 40, 45, 51, 66, 69
7, 11, 12, 21, 24, 38, 40, 43, 47, 48, 69, 72, 81, 87
12, 15, 24, 36, 48, 69, 72
16, 33, 62, 73, 97
8, 9, 16, 29, 34, 36, 39, 40, 47, 48, 54, 71, 85
7, 13, 24, 26, 28, 35, 37, 39, 45, 66, 67, 68, 80, 95
5, 9, 14, 23, 29, 33, 39, 40, 53, 60, 70, 78, 80, 89
4, 8, 22, 33, 34, 38, 52, 69, 71, 73, 76, 83
14, 36, 51, 62, 72, 87
38, 48, 53, 67, 86, 87
3, 10, 12, 13, 14, 40, 43, 51, 55, 60, 62, 63, 72, 80, 81, 85, 88, 97
5, 9, 17, 21, 42, 43, 61, 69, 73, 80, 87
28, 35, 38, 39, 46, 47, 51, 59, 63, 69, 72, 76, 80, 83, 94, 95, 97
7, 17, 34, 43, 55, 69
19, 36, 40, 42, 49, 62, 80, 81, 87
4, 8, 11, 12, 38, 61, 62, 63, 73, 87
3, 8, 9, 23, 29, 36, 39, 43, 47, 48, 51, 53, 57, 63, 72, 89, 93
4, 11, 19, 38, 48, 49, 61, 68, 78, 83, 88
72, 87, 88, 97
25, 43, 63, 66, 67, 69, 71, 78, 80, 87
8, 10, 14, 24, 29, 38, 40, 42, 50, 63, 67, 81, 87, 93
3, 5, 21, 36, 39, 43, 48, 83, 86
5, 7, 12, 17, 22, 25, 28, 35, 38, 40, 45, 55, 61, 63, 69, 85, 87
17, 23, 31, 34, 38, 65, 70, 74, 87, 92
11, 14, 17, 20, 23, 27, 29, 35, 48, 49, 53, 62, 63, 73, 85
12, 26, 27, 69, 70, 72, 73, 87
9, 17, 21, 29, 31, 36, 42, 52, 69, 70, 74, 76, 78
8, 29, 63, 67, 70, 87
14, 38, 41, 62, 72, 87
9, 35, 42, 47, 48, 62, 69, 71, 98
11, 17, 33, 36, 39, 40, 50, 52, 62, 68, 73, 81, 83, 85, 86, 97
0, 6, 7, 11, 21, 67, 78, 83, 87, 93
11, 25, 29, 51, 52, 69, 81, 83, 87
0, 1, 4, 21, 28, 31, 36, 38, 48, 63, 69, 75, 86, 93, 97
14, 17, 21, 25, 34, 38, 48, 51, 87, 93, 95, 97, 98
8, 25, 33, 38, 52, 83, 85, 87, 93
5, 9, 21, 29, 33, 36, 63, 78, 95
3, 15, 28, 29, 33, 61
6, 8, 11, 47, 48, 62, 69, 78, 80, 81, 96
3, 7, 8, 35, 36, 46, 61, 66, 81, 85, 87, 94
8, 12, 14, 40, 45, 71
11, 17, 35, 38, 43, 51, 53, 63, 67, 73, 87
9, 36, 38, 39, 43, 47, 51, 57, 63, 65, 67, 81, 87, 93
28, 36, 47, 49, 51, 53, 63, 72, 80, 95
4, 17, 18, 26, 35, 39, 51
10, 35, 36, 38, 39, 46, 48, 49, 52, 53, 57, 81, 85
3, 5, 17, 23, 25, 48, 62, 80, 87, 93
8, 11, 13, 17, 26, 28, 36, 38, 40, 42, 50, 62, 68, 70, 72, 80, 83, 85, 86
7, 18, 39, 48, 49, 51, 60, 62, 63, 72, 83, 87
19, 28, 38, 48, 63, 69, 86, 87
12, 14, 15, 21, 31, 38, 39, 40, 61, 66, 69, 78, 86, 87
11, 13, 34, 38, 43, 67, 87
5, 11, 25, 48, 61, 63, 80, 81, 85
11, 25, 28, 29, 33, 34, 35, 43, 47, 48, 51, 52, 63, 69, 91, 95, 96
14, 17, 31, 35, 38, 39, 63, 78, 87, 96, 98
6, 8, 9, 10, 22, 28, 29, 34, 38, 48, 53, 67, 68, 85, 87
9, 35, 42, 48, 62, 69, 71, 98
35, 43, 63, 66, 69, 70, 80, 85, 86
9, 28, 35, 36, 40, 41, 61, 67, 68, 73, 87
0, 28, 50, 72, 80, 81, 85
5, 39, 40, 42, 48, 70, 71, 72, 87, 93
18, 28, 36, 38, 40, 49, 63, 70, 78, 81, 83, 87, 89
0, 14, 20, 39, 41, 42, 43, 47, 74
0, 9, 14, 29, 47, 80, 87, 89
8, 9, 10, 18, 25, 33, 35, 36, 39, 40, 45, 49, 67, 80, 81, 83, 85, 97
3, 8, 14, 24, 28, 39, 71, 87, 93
11, 17, 36, 38, 39, 40, 43, 61, 62, 63, 69, 77, 87, 99
11, 40, 52, 57, 63, 69, 71, 75, 85, 86, 93, 95
3, 18, 19, 23, 28, 29, 36, 38, 46, 51, 52, 69, 78
8, 38, 41, 47, 48, 50, 63, 85, 86
24, 26, 35, 36, 47, 48, 62, 63, 71, 87, 89
33, 49, 66, 67, 69, 89
14, 43, 47, 62, 69, 72, 73, 74, 80, 83, 87
25, 28, 35, 52, 63, 66, 80, 87
3, 8, 14, 16, 17, 25, 31, 35, 38, 40, 47, 51, 61, 63, 69, 73, 80, 87
8, 17, 26, 38, 42, 43, 59, 69, 70, 71, 81, 83
8, 36, 57, 61, 63, 73, 96
0, 5, 7, 8, 17, 28, 36, 43, 61, 63, 70, 73, 95
12, 29, 33, 41, 61, 62, 78, 85, 87
11, 62, 69, 70, 81, 88
22, 23, 38, 51, 59, 60, 78, 83, 92
3, 5, 8, 11, 14, 16, 36, 38, 40, 67, 87, 90
8, 14, 45, 52, 59, 63, 69, 70
0, 3, 18, 23, 28, 33, 38, 47, 48, 52, 61, 63, 66, 67, 69, 78, 86, 93
9, 17, 23, 26, 34, 40, 43, 49, 61, 62, 67
3, 18, 29, 33, 38, 40, 48, 63, 66, 87, 97
9, 36, 38, 48, 49, 61, 69, 87, 90, 93, 98
3, 21, 29, 36, 45, 48, 49, 52, 57, 61, 73, 80, 85, 87, 89
17, 23, 38, 39, 48, 84
3, 5, 11, 17, 28, 31, 35, 40, 51, 63, 69, 76, 80, 85, 86, 87, 89
9, 11, 29, 47, 74, 81, 83, 93
5, 12, 36, 38, 63, 69, 85, 86
5, 9, 13, 29, 33, 34, 36, 38, 40, 44, 49, 51, 66, 67, 69, 78, 81
8, 12, 17, 19, 23, 36, 40, 41, 48, 67, 69, 80, 85, 87
8, 11, 36, 42, 93, 97
4, 18, 25, 36, 38, 43, 47, 55, 60, 62, 67, 69, 71, 89
8, 21, 40, 66, 67, 70, 85, 87
0, 4, 7, 17, 22, 23
3, 14, 16, 36, 39, 47, 48, 78, 87
3, 8, 9, 10, 19, 28, 36, 42, 44, 63, 67, 71, 80, 89, 93, 98
21, 39, 49, 59, 63, 72, 73, 81, 83, 95
7, 14, 16, 63
8, 35, 38, 47, 63, 83, 85, 87
5, 12, 21, 26, 28, 35, 38, 40, 45, 49, 53, 68, 86, 87
3, 8, 11, 14, 17, 29, 38, 39, 47, 52, 53, 55, 66, 68, 70, 72, 85, 86
29, 38, 59, 62, 69, 90
7, 28, 29, 47, 48, 63, 80, 83
5, 14, 20, 29, 35, 36, 38, 51, 80, 85
9, 14, 25, 36, 48, 60, 62, 71, 86, 87
14, 15, 17, 36, 38, 40, 48, 50, 62, 63, 71, 86, 87, 93
6, 59, 69, 85
8, 17, 18, 35, 59, 60, 61, 62, 83, 85, 90
6, 12, 28, 29, 36, 43, 57, 61, 63, 66, 67, 77, 85, 93
3, 8, 18, 33, 36, 38, 40, 43, 51, 55, 61, 72, 79, 81
28, 35, 38, 57, 68, 89, 98
38, 42, 54, 63, 68, 69, 70, 72, 81, 87
3, 7, 8, 27, 28, 36, 39, 63, 69, 87, 98
4, 5, 18, 27, 38, 39, 42, 47, 57, 63, 91, 93, 94
10, 39, 43, 71, 89, 92, 94
17, 25, 36, 38, 49, 66, 69, 70, 86, 87, 89, 97
4, 8, 11, 47, 52, 53, 67, 86, 87, 90, 93
3, 8, 14, 61, 63, 69, 70, 76, 78
0, 5, 10, 11, 21, 23, 33, 36, 38, 43, 47, 52, 70, 72, 75, 83, 85, 87, 93
7, 15, 22, 36, 38, 63, 66, 68, 69
4, 6, 21, 28, 31, 36, 38, 39, 48, 66, 72, 78, 86, 87, 95
14, 15, 16, 28, 40, 48, 49, 63, 81, 85, 90, 95
14, 18, 28, 42, 43, 45, 49, 52, 61, 62, 72, 78, 83, 88
3, 8, 12, 15, 28, 29, 35, 36, 63, 73, 78, 80, 81, 86, 90, 92, 97
4, 9, 47, 86, 87, 95
4, 36, 47, 57, 63, 72, 80, 87
3, 8, 11, 12, 26, 28, 34, 43, 50, 63, 71, 72, 78, 86, 87, 89, 93
7, 9, 14, 39, 43, 61, 63, 67, 69, 75, 80, 97
3, 8, 17, 34, 35, 38, 47, 48, 63, 67, 70, 72, 73, 89
38, 40, 48, 49, 69, 70, 78
10, 11, 12, 39, 40, 44, 48, 51, 69, 76, 78, 85, 86, 87, 88, 94
17, 28, 51, 52, 63, 71, 72, 87, 93
26, 28, 33, 36, 62, 63, 73, 80, 85, 86, 87
17, 23, 31, 34, 38, 49, 65, 70, 74, 87, 92
0, 3, 5, 10, 21, 22, 25, 34, 35, 36, 38, 39, 45, 46, 49, 93
8, 12, 24, 38, 47, 53, 63, 66, 69, 71, 73, 80, 83, 87
0, 5, 8, 9, 11, 12, 26, 46, 48, 49, 60, 63, 68, 69, 85, 87, 93
3, 11, 34, 36, 48, 73, 81, 83, 85
1, 4, 6, 10, 29, 33, 36, 43, 45, 62, 67, 68, 69, 78, 80, 97, 99
9, 21, 26, 38, 40, 50, 60, 63, 67, 69, 87
20, 38, 41, 49, 78, 83
0, 7, 26, 48, 50, 69, 73, 79, 87, 99
3, 8, 9, 17, 23, 26, 27, 33, 34, 36, 38, 40, 43, 47, 49, 51, 57, 61, 62, 67, 80, 81, 85, 87, 96
36, 43, 62, 71, 85, 87
3, 5, 8, 9, 11, 12, 29, 35, 52, 69, 81, 95
8, 21, 23, 26, 28, 45, 63
3, 10, 11, 24, 26, 28, 33, 35, 39, 69, 73, 78
3, 28, 32, 38, 39, 53, 63, 66, 87, 89, 93
10, 43, 46, 60, 71, 78, 91, 95
5, 8, 14, 26, 28, 69, 91
3, 7, 9, 13, 17, 20, 25, 28, 39, 40, 43, 48, 49, 50, 61, 62, 63, 66, 67, 69, 73, 85, 93
8, 9, 24, 28, 40, 63, 71, 86
9, 11, 21, 36, 38, 39, 43, 83, 87, 93
3, 8, 15, 38, 43, 51, 87
6, 9, 11, 25, 35, 36, 38, 39, 43, 48, 63, 69, 87, 89, 93
0, 4, 14, 51, 52, 69, 93
0, 10, 23, 31, 33, 36, 68, 69, 71, 87, 96
8, 11, 20, 33, 46, 49, 63, 67, 69, 85, 86, 87, 94, 98
4, 7, 28, 29, 31, 35, 36, 39, 45, 55, 62, 66, 67, 69, 70, 76, 78, 80, 85, 87, 88, 89, 93, 95, 97
18, 38, 69, 74, 75
12, 28, 33, 38, 42, 48, 51, 69, 87
5, 11, 18, 23, 28, 38, 47, 48, 49, 51, 62, 69, 72, 73, 76, 87
12, 28, 40, 42, 48, 52, 57, 62, 69
47, 69, 94, 95
8, 11, 18, 21, 23, 34, 35, 38, 39, 42, 48, 49, 50, 52, 53, 66, 71, 73, 86, 87, 91, 95
5, 29, 47, 52, 63, 69, 73, 74, 78, 87, 98
11, 15, 33, 38, 39, 40, 42, 44, 48, 61, 63, 69, 71, 74, 83, 86
3, 18, 20, 35, 38, 41, 53, 63, 66, 69, 76, 87, 93
33, 42, 46, 47, 62, 78, 87, 88, 96
9, 17, 29, 38, 45, 48, 60, 63, 68, 85, 86, 87, 95
17, 25, 28, 35, 39, 40, 43, 48, 60, 78, 85, 87, 93, 99
3, 5, 9, 14, 36, 38, 50, 52, 69, 70, 80, 86, 93
48, 49, 63, 67, 85, 87
8, 14, 18, 24, 33, 38, 39, 40, 51, 55, 69, 78, 83, 85
11, 18, 22, 28, 36, 38, 43, 63, 70, 83, 86, 87
3, 8, 9, 25, 29, 43, 47, 48, 52, 69, 81, 85, 88
7, 8, 10, 11, 12, 17, 21, 24, 43, 51, 63, 69, 71, 73, 85, 86, 92
7, 9, 29, 35, 47, 61, 63, 70, 80, 87, 88
3, 5, 17, 25, 33, 55, 62, 63, 76
9, 11, 31, 35, 48, 63, 73, 81
10, 20, 21, 23, 31, 36, 38, 48, 51, 68, 69, 70, 78, 86, 89
3, 28, 39, 45, 47, 61, 71, 81
11, 20, 52, 53, 59, 62, 63, 71, 86, 87
7, 13, 18, 23, 39, 40, 42, 49, 50, 51, 61, 71, 85
3, 8, 9, 12, 35, 38, 69, 74, 76, 87, 89, 92
7, 14, 17, 41, 50, 80, 85, 87
3, 5, 17, 25, 33, 55, 62, 63, 76
5, 6, 11, 12, 17, 35, 38, 39, 43, 51, 63, 69, 71, 72, 80, 85, 87, 89, 93, 97, 99
3, 5, 12, 23, 25, 29, 35, 36, 38, 51, 53, 85, 87, 98, 99
8, 14, 23, 33, 34, 40, 49, 56, 61, 62, 63, 81
3, 10, 11, 12, 14, 23, 38, 49, 50, 51, 53, 55, 66, 74, 80, 85, 91
4, 9, 26, 28, 36, 39, 78, 94
0, 3, 7, 8, 10, 14, 19, 28, 38, 40, 55, 57, 63, 69, 71, 75, 85, 87
9, 35, 38, 41, 42, 52, 63, 69, 73, 87
4, 21, 23, 28, 33, 36, 38, 39, 63, 67, 69, 72, 80, 90
3, 9, 11, 16, 34, 36, 39, 40, 43, 45, 46, 60, 63, 71, 78, 83, 87, 97
1, 3, 11, 14, 25, 36, 38, 40, 43, 48, 51, 68, 69, 72, 80, 85, 90, 92, 93
14, 25, 26, 36, 39, 41, 57, 60, 66, 68, 72, 74, 84, 86, 97, 98
8, 14, 26, 28, 38, 63, 73, 76, 81
6, 23, 25, 28, 29, 38, 45, 52, 59, 63, 72, 73, 75, 83, 87, 95
3, 4, 10, 17, 23, 29, 38, 56, 61, 62, 67, 69, 78, 85, 86, 91
3, 23, 36, 41, 43, 47, 75, 80, 85, 88
11, 49, 62, 63, 69, 72, 75, 91, 93
3, 10, 17, 33, 39, 48, 67, 83, 95
4, 8, 9, 21, 28, 36, 38, 47, 50, 68, 69, 73, 81
22, 23, 36, 48, 49, 72, 83, 88, 89, 90, 99
8, 21, 45, 48, 69, 86
11, 13, 14, 23, 63, 67, 69, 82, 85, 86, 93
0, 11, 25, 29, 33, 35, 48, 62, 66, 68, 83, 85, 87, 90, 91, 94, 96, 97
6, 8, 11, 22, 31, 48, 51, 57, 67, 83, 90, 91
16, 21, 69, 76
6, 18, 21, 35, 38, 41, 50, 57, 61, 63, 66, 69, 87, 93
11, 12, 21, 40, 48, 53, 62, 71, 81, 96
5, 8, 9, 11, 17, 18, 29, 33, 43, 48, 62, 66, 69, 78, 83, 86
4, 8, 17, 23, 25, 51, 63, 67, 69, 75, 86
7, 17, 35, 38, 48, 55, 63, 73, 83, 85, 86, 92, 93
4, 23, 39, 61, 63, 67
8, 17, 21, 27, 35, 38, 42, 43, 51, 61, 63, 81, 98
5, 17, 21, 33, 35, 38, 45, 51, 61, 71, 74, 76, 85
3, 11, 17, 35, 36, 39, 70, 76, 78, 81, 83, 97
35, 39, 41, 47, 52, 57, 66, 85, 87
11, 28, 38, 46, 89
9, 11, 23, 26, 29, 31, 40, 61, 70, 75, 83, 87
9, 17, 28, 29, 36, 38, 40, 48, 55, 59, 61, 63, 67, 80, 83, 85, 86, 88, 92, 99
11, 17, 20, 33, 62, 63, 69, 73, 85, 86
10, 17, 19, 26, 28, 36, 40, 63, 66, 69, 71
1, 4, 11, 14, 17, 29, 33, 36, 39, 48, 49, 53, 70, 80, 81, 87, 95
4, 14, 16, 18, 21, 22, 29, 40, 42, 53, 55, 59, 61, 68, 69, 76, 89, 95, 97
8, 18, 26, 42, 57, 66, 73, 83, 93, 94
11, 40, 45, 70, 74, 85, 93
13, 16, 51, 55, 60, 83, 89, 93
23, 26, 36, 62, 80, 81
3, 35, 38, 47, 48, 51, 63, 72, 81, 86
0, 28, 34, 38, 39, 49, 50, 52, 61, 69
3, 35, 36, 48, 78, 86
22, 25, 29, 49, 62, 78, 83, 89
3, 7, 17, 19, 24, 28, 38, 40, 57, 61, 63, 66, 69, 75, 85, 86
13, 35, 38, 39, 40, 48, 62, 74, 93
3, 4, 8, 12, 27, 35, 38, 39, 43, 45, 48, 53, 63, 69, 72, 81, 86, 87, 95
4, 19, 34, 38, 40, 76
3, 8, 17, 18, 19, 28, 29, 35, 36, 38, 43, 60, 63, 67, 70, 73, 80, 85, 89, 95
0, 10, 25, 26, 38, 63, 66, 72, 85, 92
8, 41, 49, 52, 81, 87
10, 13, 23, 24, 39, 44, 48, 51, 53, 63, 67, 68, 74, 80, 87
11, 20, 26, 33, 38, 52, 71, 72, 76, 80, 87, 89, 90, 94
13, 28, 43, 51, 61, 66, 73, 85, 90
0, 9, 11, 13, 14, 17, 25, 28, 38, 39, 60, 63, 67, 69, 72, 87, 89, 97
0, 4, 13, 25, 28, 38, 41, 59, 61, 67, 85, 89, 93
9, 11, 36, 43, 50, 51, 57, 62, 74, 83, 85, 86, 87, 88, 89
11, 14, 36, 38, 49, 66, 69, 72, 83, 86, 98
17, 23, 31, 34, 38, 49, 74, 87, 92
26, 34, 38, 43, 81, 83
0, 17, 18, 23, 28, 29, 36, 43, 45, 55, 61, 63, 72, 75, 78, 85, 86, 96
3, 5, 14, 18, 33, 35, 38, 62, 75, 87
8, 11, 39, 59, 67, 73, 75, 80, 87
0, 8, 11, 26, 36, 43, 47, 48, 52, 62, 63, 69, 74, 86, 90, 92
0, 17, 28, 35, 39, 41, 48, 63, 97
3, 5, 8, 29, 31, 36, 38, 40, 48, 49, 63, 68, 69, 72, 73, 78, 80, 85
0, 7, 10, 17, 29, 38, 42, 43, 69, 85, 87
3, 8, 11, 14, 17, 21, 28, 36, 39, 43, 85
3, 7, 11, 43, 45, 50, 66, 69, 70, 78, 85, 94
14, 17, 21, 35, 43, 45, 63, 69, 70, 83, 87, 89, 97
6, 9, 28, 33, 34, 53, 59, 61, 71, 76, 82, 85
15, 25, 29, 43, 47, 48, 62, 63, 80, 87
7, 14, 25, 38, 40, 67, 74, 81
0, 3, 8, 22, 39, 81, 83, 87
10, 35, 36, 41, 47, 55, 59, 66, 67, 69, 74, 83, 86, 87, 97, 98
4, 10, 23, 45, 48, 49, 51, 63, 68, 69, 83, 85, 90, 91, 94
7, 12, 24, 28, 33, 38, 49, 65, 67, 74, 87, 90
4, 9, 28, 43, 47, 49, 61, 63, 67, 68, 69, 81, 85, 92
17, 28, 31, 36, 49, 53, 62, 68, 69, 73, 87
0, 8, 9, 17, 25, 29, 31, 38, 47, 61, 63, 81, 85, 87, 89
7, 14, 24, 38, 63, 66, 68, 73, 81, 83, 89
8, 9, 28, 36, 40, 42, 43, 52, 63
0, 6, 8, 11, 22, 31, 41, 48, 51, 57, 61, 62, 67, 83, 85, 87, 89, 90, 91
36, 47, 55, 69, 86, 87, 97
11, 35, 38, 41, 47, 62, 69, 78, 85
8, 9, 18, 28, 36, 40, 47, 59, 63, 69, 80, 83, 85, 87, 93, 97
14, 15, 21, 36, 43, 48, 82, 86, 94, 95
14, 17, 21, 28, 39, 43, 52, 71, 81, 83, 85, 87, 96
8, 33, 35, 36, 43, 52, 55, 63, 67, 72
7, 35, 36, 39, 42, 59, 63, 67, 71, 79, 89, 93, 95
13, 26, 29, 35, 39, 41, 47, 62, 63, 87, 91, 95
0, 14, 16, 47, 51, 73, 78, 81, 89
6, 9, 14, 19, 34, 38, 39, 72, 73, 74, 83, 87, 95
0, 3, 11, 28, 35, 38, 46, 63, 68, 69, 80
8, 9, 36, 39, 41, 42, 43, 50, 55, 59, 67, 70, 71, 80, 87, 96
9, 10, 38, 67, 68, 80, 82
0, 12, 27, 33, 36, 38, 42, 48, 49, 50, 52, 62, 67, 85, 87
3, 8, 11, 28, 34, 35, 36, 38, 47, 87, 89, 95
6, 9, 14, 23, 48, 49, 50, 67, 87, 90, 93
3, 38, 43, 47, 67, 69, 71, 87
0, 3, 12, 40, 43, 51, 57, 62, 63, 66, 71, 80, 85
3, 29, 38, 48, 49, 69, 73, 90
25, 27, 31, 34, 38, 39, 48, 62, 67, 70, 78, 85, 87, 95
8, 9, 11, 18, 26, 29, 38, 60, 61, 70, 86, 87
17, 31, 40, 69, 80, 83, 92, 93
8, 9, 19, 22, 38, 43, 48, 59, 61, 68, 85, 95
3, 8, 36, 39, 40, 45, 48, 49, 61, 62, 63, 66, 72, 83, 87, 96, 97
10, 14, 17, 38, 40, 43, 47, 50, 60, 61, 63, 69, 74, 75, 86, 93
8, 21, 36, 38, 42, 61, 63, 86
14, 15, 16, 28, 40, 48, 49, 63, 81, 85, 90, 95
3, 9, 17, 29, 35, 36, 38, 40, 48, 51, 53, 68, 83, 85, 86, 87, 89, 91, 97
3, 8, 28, 36, 38, 43, 90
11, 40, 43, 66, 71, 72, 73, 85
9, 17, 38, 49, 63, 73, 87, 96, 97
3, 36, 39, 61, 62, 63, 66, 72, 97
9, 17, 20, 34, 42, 43, 67, 72, 80, 86, 89, 95, 98, 99
6, 29, 33, 63, 66, 78, 86, 93
6, 11, 13, 23, 28, 36, 39, 40, 71, 72, 87, 89
11, 33, 47, 61, 87, 94, 97
25, 38, 57, 68, 69, 80, 83, 87
0, 4, 7, 13, 21, 23, 28, 38, 42, 59, 66, 69, 76, 78, 81, 85, 87, 89
9, 12, 13, 21, 29, 33, 36, 38, 51, 55, 60, 63, 78, 80, 83, 86, 87, 93
5, 9, 13, 15, 35, 36, 63, 72, 87
9, 10, 11, 15, 18, 21, 38, 48, 55, 67, 71, 73, 87
12, 17, 21, 25, 28, 35, 43, 45, 47, 51, 71, 78, 80, 81, 87, 89, 90
3, 23, 24, 35, 36, 38, 47, 51, 67, 70, 71, 81, 85, 87
0, 5, 27, 28, 31, 34, 38, 47, 59, 80, 85, 87, 89
7, 18, 35, 38, 39, 40, 57, 66, 67, 69, 70, 83, 87, 93
10, 11, 36, 61, 62, 63, 71, 76, 89, 92, 94
3, 22, 35, 85, 87, 89, 96
8, 12, 19, 25, 36, 48, 55, 61, 62, 99
4, 7, 19, 24, 29, 36, 38, 40, 46, 47, 48, 69, 73, 86, 87, 94
34, 36, 38, 48, 61, 67, 68, 80, 81, 83, 86, 87, 98
38, 48, 49, 61, 67, 69, 74
8, 9, 17, 38, 48, 63, 96
17, 26, 36, 55, 59, 63, 85, 97
0, 11, 41, 61, 62, 85, 87, 89
3, 8, 10, 11, 14, 17, 19, 24, 25, 36, 38, 48, 51, 52, 61, 70, 71, 93
8, 68, 79
4, 39, 49, 51, 73, 74, 80, 83, 85
11, 14, 20, 26, 38, 45, 59, 61, 62, 63, 67, 71, 81, 91, 93, 99
8, 51, 63, 80, 87
7, 13, 19, 36, 61, 71, 87
7, 18, 29, 74, 87
4, 5, 8, 9, 21, 24, 29, 35, 38, 39, 43, 46, 48, 58, 62, 69, 83, 88, 89, 93
8, 36, 43, 50, 67, 87
11, 23, 36, 39, 43, 47, 49, 60, 66, 76, 79, 83, 85, 86, 87, 94
41, 55, 63, 66, 76, 93
11, 12, 33, 35, 61, 83, 87
8, 9, 35, 39, 40, 45, 80, 81, 85
